REM MEMORY OUTPUT FOR IC900F
REM PLACE COMMENTS HERE
REM 10m
sto 1 0 114 "29600 100 4 100.0 28 10 0 0 0 !!"
sto 1 1 114 "29600 100 4 100.0 28 10 0 0 0 !!"
sto 1 2 114 "29600 100 4 100.0 28 10 0 0 0 !!"
sto 1 3 114 "29600 100 4 100.0 28 10 0 0 0 !!"
sto 1 4 114 "29600 100 4 100.0 28 10 0 0 0 !!"
sto 1 5 114 "29600 100 4 100.0 28 10 0 0 0 !!"
sto 1 6 114 "29600 100 4 100.0 28 10 0 0 0 !!"
sto 1 7 114 "29600 100 4 100.0 28 10 0 0 0 !!"
sto 1 8 114 "29600 100 4 100.0 28 10 0 0 0 !!"
sto 1 9 114 "29600 100 4 100.0 28 10 0 0 0 !!"
sto 1 A 114 "29600 100 4 100.0 28 10 0 0 0 !!"
sto 1 B 114 "29600 100 4 100.0 28 10 0 0 0 !!"
sto 1 D 114 "29600 100 4 100.0 28 10 0 0 0 !!"
sto 1 E 114 "29600 100 4 100.0 28 10 0 0 0 !!"
sto 1 F 114 "29600 100 4 100.0 28 10 0 0 0 !!"
sto 1 G 114 "29600 100 4 100.0 28 10 0 0 0 !!"
sto 1 H 114 "29600 100 4 100.0 28 10 0 0 0 !!"
sto 1 J 114 "29600 100 4 100.0 28 10 0 0 0 !!"
sto 1 K 114 "29600 100 4 100.0 28 10 0 0 0 !!"
sto 1 L 114 "29600 100 4 100.0 28 10 0 0 0 !!"
sto 1 M 114 "29600 100 4 100.0 28 10 0 0 0 !!"
sto 1 N 114 "29600 100 4 100.0 28 10 0 0 0 !!"
sto 1 P 114 "29600 100 4 100.0 28 10 0 0 0 !!"
sto 1 R 114 "29600 100 4 100.0 28 10 0 0 0 !!"
sto 1 S 114 "29600 100 4 100.0 28 10 0 0 0 !!"
sto 1 T 114 "29600 100 4 100.0 28 10 0 0 0 !!"
sto 1 U 114 "29600 100 4 100.0 28 10 0 0 0 !!"
sto 1 W 114 "29600 100 4 100.0 28 10 0 0 0 !!"
sto 1 Y 114 "29600 100 4 100.0 28 10 0 0 0 !!"
sto 1 Z 114 "29600 100 4 100.0 28 10 0 0 0 !!"
sto 1 ( 114 "29600 100 4 100.0 28 10 0 0 0 !!"
sto 1 ) 114 "29600 100 4 100.0 28 10 0 0 0 !!"
sto 1 [ 114 "29600 100 4 100.0 28 10 0 0 0 !!"
sto 1 ] 114 "29600 100 4 100.0 28 10 0 0 0 !!"

REM 6m
sto 2 0 165 "52525 1000 4 100.0 28 10 0 0 1 !!"
sto 2 1 165 "52525 1000 4 100.0 28 10 0 0 1 !!"
sto 2 2 165 "52525 1000 4 100.0 28 10 0 0 1 !!"
sto 2 3 165 "52525 1000 4 100.0 28 10 0 0 1 !!"
sto 2 4 165 "52525 1000 4 100.0 28 10 0 0 1 !!"
sto 2 5 165 "52525 1000 4 100.0 28 10 0 0 1 !!"
sto 2 6 165 "52525 1000 4 100.0 28 10 0 0 1 !!"
sto 2 7 165 "52525 1000 4 100.0 28 10 0 0 1 !!"
sto 2 8 165 "52525 1000 4 100.0 28 10 0 0 1 !!"
sto 2 9 165 "52525 1000 4 100.0 28 10 0 0 1 !!"
sto 2 A 165 "52525 1000 4 100.0 28 10 0 0 1 !!"
sto 2 B 165 "52525 1000 4 100.0 28 10 0 0 1 !!"
sto 2 D 165 "52525 1000 4 100.0 28 10 0 0 1 !!"
sto 2 E 165 "52525 1000 4 100.0 28 10 0 0 1 !!"
sto 2 F 165 "52525 1000 4 100.0 28 10 0 0 1 !!"
sto 2 G 165 "52525 1000 4 100.0 28 10 0 0 1 !!"
sto 2 H 165 "52525 1000 4 100.0 28 10 0 0 1 !!"
sto 2 J 165 "52525 1000 4 100.0 28 10 0 0 1 !!"
sto 2 K 165 "52525 1000 4 100.0 28 10 0 0 1 !!"
sto 2 L 165 "52525 1000 4 100.0 28 10 0 0 1 !!"
sto 2 M 165 "52525 1000 4 100.0 28 10 0 0 1 !!"
sto 2 N 165 "52525 1000 4 100.0 28 10 0 0 1 !!"
sto 2 P 165 "52525 1000 4 100.0 28 10 0 0 1 !!"
sto 2 R 165 "52525 1000 4 100.0 28 10 0 0 1 !!"
sto 2 S 165 "52525 1000 4 100.0 28 10 0 0 1 !!"
sto 2 T 165 "52525 1000 4 100.0 28 10 0 0 1 !!"
sto 2 U 165 "52525 1000 4 100.0 28 10 0 0 1 !!"
sto 2 W 165 "52525 1000 4 100.0 28 10 0 0 1 !!"
sto 2 Y 165 "52525 1000 4 100.0 28 10 0 0 1 !!"
sto 2 Z 165 "52525 1000 4 100.0 28 10 0 0 1 !!"
sto 2 ( 165 "52525 1000 4 100.0 28 10 0 0 1 !!"
sto 2 ) 165 "52525 1000 4 100.0 28 10 0 0 1 !!"
sto 2 [ 165 "52525 1000 4 100.0 28 10 0 0 1 !!"
sto 2 ] 165 "52525 1000 4 100.0 28 10 0 0 1 !!"

REM 2m
sto 3 0 170 "146520 600 4 100.0 28 10 0 0 2 !!"
sto 3 1 170 "146520 600 4 100.0 28 10 0 0 2 !!"
sto 3 2 170 "146520 600 4 100.0 28 10 0 0 2 !!"
sto 3 3 170 "146520 600 4 100.0 28 10 0 0 2 !!"
sto 3 4 170 "146520 600 4 100.0 28 10 0 0 2 !!"
sto 3 5 170 "146520 600 4 100.0 28 10 0 0 2 !!"
sto 3 6 170 "146520 600 4 100.0 28 10 0 0 2 !!"
sto 3 7 170 "146520 600 4 100.0 28 10 0 0 2 !!"
sto 3 8 170 "146520 600 4 100.0 28 10 0 0 2 !!"
sto 3 9 170 "146520 600 4 100.0 28 10 0 0 2 !!"
sto 3 A 170 "146520 600 4 100.0 28 10 0 0 2 !!"
sto 3 B 170 "146520 600 4 100.0 28 10 0 0 2 !!"
sto 3 D 170 "146520 600 4 100.0 28 10 0 0 2 !!"
sto 3 E 170 "146520 600 4 100.0 28 10 0 0 2 !!"
sto 3 F 170 "146520 600 4 100.0 28 10 0 0 2 !!"
sto 3 G 170 "146520 600 4 100.0 28 10 0 0 2 !!"
sto 3 H 170 "146520 600 4 100.0 28 10 0 0 2 !!"
sto 3 J 170 "146520 600 4 100.0 28 10 0 0 2 !!"
sto 3 K 170 "146520 600 4 100.0 28 10 0 0 2 !!"
sto 3 L 170 "146520 600 4 100.0 28 10 0 0 2 !!"
sto 3 M 170 "146520 600 4 100.0 28 10 0 0 2 !!"
sto 3 N 170 "146520 600 4 100.0 28 10 0 0 2 !!"
sto 3 P 170 "146520 600 4 100.0 28 10 0 0 2 !!"
sto 3 R 170 "146520 600 4 100.0 28 10 0 0 2 !!"
sto 3 S 170 "146520 600 4 100.0 28 10 0 0 2 !!"
sto 3 T 170 "146520 600 4 100.0 28 10 0 0 2 !!"
sto 3 U 170 "146520 600 4 100.0 28 10 0 0 2 !!"
sto 3 W 170 "146520 600 4 100.0 28 10 0 0 2 !!"
sto 3 Y 170 "146520 600 4 100.0 28 10 0 0 2 !!"
sto 3 Z 170 "146520 600 4 100.0 28 10 0 0 2 !!"
sto 3 ( 170 "146520 600 4 100.0 28 10 0 0 2 !!"
sto 3 ) 170 "146520 600 4 100.0 28 10 0 0 2 !!"
sto 3 [ 170 "146520 600 4 100.0 28 10 0 0 2 !!"
sto 3 ] 170 "146520 600 4 100.0 28 10 0 0 2 !!"

REM 220
sto 4 0 214 "223500 1600 4 100.0 28 10 0 0 3 !!"
sto 4 1 214 "223500 1600 4 100.0 28 10 0 0 3 !!"
sto 4 2 214 "223500 1600 4 100.0 28 10 0 0 3 !!"
sto 4 3 214 "223500 1600 4 100.0 28 10 0 0 3 !!"
sto 4 4 214 "223500 1600 4 100.0 28 10 0 0 3 !!"
sto 4 5 214 "223500 1600 4 100.0 28 10 0 0 3 !!"
sto 4 6 214 "223500 1600 4 100.0 28 10 0 0 3 !!"
sto 4 7 214 "223500 1600 4 100.0 28 10 0 0 3 !!"
sto 4 8 214 "223500 1600 4 100.0 28 10 0 0 3 !!"
sto 4 9 214 "223500 1600 4 100.0 28 10 0 0 3 !!"
sto 4 A 214 "223500 1600 4 100.0 28 10 0 0 3 !!"
sto 4 B 214 "223500 1600 4 100.0 28 10 0 0 3 !!"
sto 4 D 214 "223500 1600 4 100.0 28 10 0 0 3 !!"
sto 4 E 214 "223500 1600 4 100.0 28 10 0 0 3 !!"
sto 4 F 214 "223500 1600 4 100.0 28 10 0 0 3 !!"
sto 4 G 214 "223500 1600 4 100.0 28 10 0 0 3 !!"
sto 4 H 214 "223500 1600 4 100.0 28 10 0 0 3 !!"
sto 4 J 214 "223500 1600 4 100.0 28 10 0 0 3 !!"
sto 4 K 214 "223500 1600 4 100.0 28 10 0 0 3 !!"
sto 4 L 214 "223500 1600 4 100.0 28 10 0 0 3 !!"
sto 4 M 214 "223500 1600 4 100.0 28 10 0 0 3 !!"
sto 4 N 214 "223500 1600 4 100.0 28 10 0 0 3 !!"
sto 4 P 214 "223500 1600 4 100.0 28 10 0 0 3 !!"
sto 4 R 214 "223500 1600 4 100.0 28 10 0 0 3 !!"
sto 4 S 214 "223500 1600 4 100.0 28 10 0 0 3 !!"
sto 4 T 214 "223500 1600 4 100.0 28 10 0 0 3 !!"
sto 4 U 214 "223500 1600 4 100.0 28 10 0 0 3 !!"
sto 4 W 214 "223500 1600 4 100.0 28 10 0 0 3 !!"
sto 4 Y 214 "223500 1600 4 100.0 28 10 0 0 3 !!"
sto 4 Z 214 "223500 1600 4 100.0 28 10 0 0 3 !!"
sto 4 ( 214 "223500 1600 4 100.0 28 10 0 0 3 !!"
sto 4 ) 214 "223500 1600 4 100.0 28 10 0 0 3 !!"
sto 4 [ 214 "223500 1600 4 100.0 28 10 0 0 3 !!"
sto 4 ] 214 "223500 1600 4 100.0 28 10 0 0 3 !!"

REM 440
sto 5 0 215 "446000 5000 4 100.0 28 10 0 0 4 !!"
sto 5 1 215 "446000 5000 4 100.0 28 10 0 0 4 !!"
sto 5 2 215 "446000 5000 4 100.0 28 10 0 0 4 !!"
sto 5 3 215 "446000 5000 4 100.0 28 10 0 0 4 !!"
sto 5 4 215 "446000 5000 4 100.0 28 10 0 0 4 !!"
sto 5 5 215 "446000 5000 4 100.0 28 10 0 0 4 !!"
sto 5 6 215 "446000 5000 4 100.0 28 10 0 0 4 !!"
sto 5 7 215 "446000 5000 4 100.0 28 10 0 0 4 !!"
sto 5 8 215 "446000 5000 4 100.0 28 10 0 0 4 !!"
sto 5 9 215 "446000 5000 4 100.0 28 10 0 0 4 !!"
sto 5 A 215 "446000 5000 4 100.0 28 10 0 0 4 !!"
sto 5 B 215 "446000 5000 4 100.0 28 10 0 0 4 !!"
sto 5 D 215 "446000 5000 4 100.0 28 10 0 0 4 !!"
sto 5 E 215 "446000 5000 4 100.0 28 10 0 0 4 !!"
sto 5 F 215 "446000 5000 4 100.0 28 10 0 0 4 !!"
sto 5 G 215 "446000 5000 4 100.0 28 10 0 0 4 !!"
sto 5 H 215 "446000 5000 4 100.0 28 10 0 0 4 !!"
sto 5 J 215 "446000 5000 4 100.0 28 10 0 0 4 !!"
sto 5 K 215 "446000 5000 4 100.0 28 10 0 0 4 !!"
sto 5 L 215 "446000 5000 4 100.0 28 10 0 0 4 !!"
sto 5 M 215 "446000 5000 4 100.0 28 10 0 0 4 !!"
sto 5 N 215 "446000 5000 4 100.0 28 10 0 0 4 !!"
sto 5 P 215 "446000 5000 4 100.0 28 10 0 0 4 !!"
sto 5 R 215 "446000 5000 4 100.0 28 10 0 0 4 !!"
sto 5 S 215 "446000 5000 4 100.0 28 10 0 0 4 !!"
sto 5 T 215 "446000 5000 4 100.0 28 10 0 0 4 !!"
sto 5 U 215 "446000 5000 4 100.0 28 10 0 0 4 !!"
sto 5 W 215 "446000 5000 4 100.0 28 10 0 0 4 !!"
sto 5 Y 215 "446000 5000 4 100.0 28 10 0 0 4 !!"
sto 5 Z 215 "446000 5000 4 100.0 28 10 0 0 4 !!"
sto 5 ( 215 "446000 5000 4 100.0 28 10 0 0 4 !!"
sto 5 ) 215 "446000 5000 4 100.0 28 10 0 0 4 !!"
sto 5 [ 215 "446000 5000 4 100.0 28 10 0 0 4 !!"
sto 5 ] 215 "446000 5000 4 100.0 28 10 0 0 4 !!"

REM 1296
sto 6 0 53 "1292000 20000 4 100.0 28 10 0 0 5 !!"
sto 6 1 53 "1292000 20000 4 100.0 28 10 0 0 5 !!"
sto 6 2 53 "1292000 20000 4 100.0 28 10 0 0 5 !!"
sto 6 3 53 "1292000 20000 4 100.0 28 10 0 0 5 !!"
sto 6 4 53 "1292000 20000 4 100.0 28 10 0 0 5 !!"
sto 6 5 53 "1292000 20000 4 100.0 28 10 0 0 5 !!"
sto 6 6 53 "1292000 20000 4 100.0 28 10 0 0 5 !!"
sto 6 7 53 "1292000 20000 4 100.0 28 10 0 0 5 !!"
sto 6 8 53 "1292000 20000 4 100.0 28 10 0 0 5 !!"
sto 6 9 53 "1292000 20000 4 100.0 28 10 0 0 5 !!"
sto 6 A 53 "1292000 20000 4 100.0 28 10 0 0 5 !!"
sto 6 B 53 "1292000 20000 4 100.0 28 10 0 0 5 !!"
sto 6 D 53 "1292000 20000 4 100.0 28 10 0 0 5 !!"
sto 6 E 53 "1292000 20000 4 100.0 28 10 0 0 5 !!"
sto 6 F 53 "1292000 20000 4 100.0 28 10 0 0 5 !!"
sto 6 G 53 "1292000 20000 4 100.0 28 10 0 0 5 !!"
sto 6 H 53 "1292000 20000 4 100.0 28 10 0 0 5 !!"
sto 6 J 53 "1292000 20000 4 100.0 28 10 0 0 5 !!"
sto 6 K 53 "1292000 20000 4 100.0 28 10 0 0 5 !!"
sto 6 L 53 "1292000 20000 4 100.0 28 10 0 0 5 !!"
sto 6 M 53 "1292000 20000 4 100.0 28 10 0 0 5 !!"
sto 6 N 53 "1292000 20000 4 100.0 28 10 0 0 5 !!"
sto 6 P 53 "1292000 20000 4 100.0 28 10 0 0 5 !!"
sto 6 R 53 "1292000 20000 4 100.0 28 10 0 0 5 !!"
sto 6 S 53 "1292000 20000 4 100.0 28 10 0 0 5 !!"
sto 6 T 53 "1292000 20000 4 100.0 28 10 0 0 5 !!"
sto 6 U 53 "1292000 20000 4 100.0 28 10 0 0 5 !!"
sto 6 W 53 "1292000 20000 4 100.0 28 10 0 0 5 !!"
sto 6 Y 53 "1292000 20000 4 100.0 28 10 0 0 5 !!"
sto 6 Z 53 "1292000 20000 4 100.0 28 10 0 0 5 !!"
sto 6 ( 53 "1292000 20000 4 100.0 28 10 0 0 5 !!"
sto 6 ) 53 "1292000 20000 4 100.0 28 10 0 0 5 !!"
sto 6 [ 53 "1292000 20000 4 100.0 28 10 0 0 5 !!"
sto 6 ] 53 "1292000 20000 4 100.0 28 10 0 0 5 !!"
